[gd_scene load_steps=4 format=2]

[ext_resource path="res://Prefabs/Enemy.tscn" type="PackedScene" id=1]

[sub_resource type="SphereShape" id=1]
radius = 90.0

[sub_resource type="Curve3D" id=2]
_data = {
"points": PoolVector3Array( 0, 0, 0, 0, 0, 0, 16.7258, 0, -1.86158, 2.92537, 0, 7.53745, -2.92537, 0, -7.53745, 19.9154, 0, -13.5564, 0, 0, 0, 0, 0, 0, 5.00195, 0, -18.4855, 1.97669, 0, -11.4895, -1.97669, 0, 11.4895, -3.33945, 0, -6.22612, 6.91841, 0, -5.68298, -6.91841, 0, 5.68298, -23.0555, -0.905182, 0.472274, -4.34656, 0, -4.11609, 4.34656, 0, 4.11609, -18.8848, 2.06575, 16.3968, -6.11856, 0, 1.51467, 6.11856, 0, -1.51467, -1.77074, 0, 15.6404, -8.96249, 0, -2.06753, 8.96249, 0, 2.06753, 22.542, 0, 14.9852, 2.54178, 0, 3.24524, -2.54178, 0, -3.24524, 31.3665, 0, 5.55902, 0.935721, 0, 4.72776, -0.935721, 0, -4.72776, -0.558983, 0, 2.62082, 0, 0, 0, 0, 0, 0, 16.7258, 0, -1.86158 ),
"tilts": PoolRealArray( 0, 0, 0, 0, 0, 0, 0, 0, 0, 0, 0 )
}

[node name="enemyArea" type="Spatial"]

[node name="Area" type="Area" parent="."]
transform = Transform( 0.499998, 0, -0.00146219, 0, 0.5, 0, 0.00146219, 0, 0.499998, -0.0166264, 0, 0.00421143 )
collision_layer = 4
monitorable = false

[node name="CollisionShape" type="CollisionShape" parent="Area"]
shape = SubResource( 1 )

[node name="Path" type="Path" parent="."]
curve = SubResource( 2 )

[node name="PathFollow" type="PathFollow" parent="Path"]
transform = Transform( -0.397697, 0, -0.917515, 0, 1, 0, 0.917515, 0, -0.397697, 14.2237, 0, -18.3447 )
offset = 20.82

[node name="Enemy" parent="Path/PathFollow" instance=ExtResource( 1 )]

[node name="PathFollow2" type="PathFollow" parent="Path"]
transform = Transform( 0.909306, -0.0694616, -0.410286, 0.146114, 0.976486, 0.15851, 0.389629, -0.204084, 0.898074, -25.492, -0.672588, 3.42571 )
offset = 73.18

[node name="Enemy" parent="Path/PathFollow2" instance=ExtResource( 1 )]

[node name="PathFollow3" type="PathFollow" parent="Path"]
transform = Transform( 0.820914, -0.00929091, -0.570974, 0.0111203, 0.999938, -0.000282913, 0.570941, -0.00611718, 0.820966, 7.51416, 0, 14.0983 )
offset = 116.53

[node name="Enemy" parent="Path/PathFollow3" instance=ExtResource( 1 )]
